cells   arbmc_wall   arbmc_rate  arbmc_nrg  arbgpu_wall  arbgpu_rate   arbgpu_nrg  nrnmc_wall nrnmc_rate    arbgpu_wall_new arbknl_wall  arbknl_nrg arbmc_pwr arbgpu_pwr  arbknl_pwr
   32       0.348       9.195       0.036     2.058       1.555           0.246       1.730       1.849       0.940          1.134           0.165    103.448    119.534     145.503
   64       0.387      16.537       0.051     2.097       3.052           0.254       2.613       2.449       1.033          1.291           0.220    131.783    121.125     170.411
  128       0.751      17.044       0.108     2.443       5.239           0.333       8.266       1.548       1.311          1.706           0.343    143.808    136.308     201.055
  256       1.422      18.003       0.255     2.969       8.622           0.430      32.918       0.778       1.827          2.275           0.552    179.325    144.83      242.637
  512       2.662      19.234       0.580     4.192      12.214           0.673      67.332       0.760       2.877          3.359           0.971    217.881    160.544     289.074
 1024       5.119      20.004       1.235     6.496      15.764           1.135     135.517       0.756       5.057          6.150           1.809    241.258    174.723     294.146
 2048      10.042      20.394       2.533    11.110      18.434           2.106     272.871       0.751       9.447         12.269           3.631    252.241    189.559     295.949
 4096      19.930      20.552       5.158    19.961      20.520           3.955     555.344       0.738      18.075         24.391           7.244    258.806    198.136     296.995
 8192      39.662      20.655      10.378    37.240      21.998           7.719    1234.700       0.663      35.323         48.654          14.453    261.661    207.277     297.057
16384      79.216      20.683      20.850    71.652      22.866          15.108       nan          nan       69.961         97.190          28.990    263.204    210.852     298.282
