year specfp_normalized
1991 0.094523
1993 0.053166
1993 0.104199
1993 0.211643
1993 0.453355
1994 0.111942
1994 0.116007
1994 0.121857
1994 0.152187
1994 0.154659
1994 0.163102
1994 0.185478
1994 0.187259
1994 0.325457
1994 0.409143
1994 0.431897
1994 0.443324
1995 0.07072
1995 0.095324
1995 0.097114
1995 0.102905
1995 0.110061
1995 0.116058
1995 0.140806
1995 0.142962
1995 0.145507
1995 0.168002
1995 0.187778
1995 0.221117
1995 0.290292
1995 0.307432
1995 0.348571
1995 0.368716
1995 0.415217
1995 0.512997
1995 0.547015
1995 0.550126
1995 0.655033
1996 0.10117
1996 0.136746
1996 0.21229
1996 0.223031
1996 0.251231
1996 0.278457
1996 0.30654
1996 0.368494
1996 0.418584
1996 0.458485
1996 0.489255
1996 0.542481
1996 0.58724
1996 0.62204
1996 0.665716
1996 0.719472
1996 0.785392
1996 0.827061
1996 0.882412
1996 1.029526
1996 2.565522
1997 0.117799
1997 0.12978305
1997 0.150278
1997 0.1859667
1997 0.2532072
1997 0.27870925
1997 0.3008698
1997 0.31579705
1997 0.3468652
1997 0.387932
1997 0.624306
1997 0.6942973
1997 0.7811148
1997 0.832914
1997 0.9145899
1997 0.9487405
1997 1.0006046
1997 1.1059302
1997 1.1949801
1997 1.4438357
1997 2.128216
1998 0.258078
1998 0.3529126
1998 0.4030618
1998 0.4173192
1998 0.4648664
1998 0.530029
1998 0.563952
1998 0.5835632
1998 0.6869966
1998 0.7605036
1998 0.899878
1998 0.9549866
1998 1.0561906
1998 1.1562938
1998 1.2353936
1998 1.354516
1998 1.6207764
1998 1.9599134
1998 2.1839528
1998 3.0347248
1998 4.146326
1999 0.389425
1999 0.531013
1999 0.618817
1999 0.659068
1999 0.709982
1999 0.927963
1999 1.022732
1999 1.0842
1999 1.140193
1999 1.185083
1999 1.258018
1999 1.323774
1999 1.383237
1999 1.431075
1999 1.747789
1999 1.948889
1999 2.106687
1999 2.288321
1999 2.552315
1999 3.504572
1999 4.71012
2000 0.387331
2000 1.1621865
2000 1.3156785
2000 1.43101825
2000 1.500003
2000 1.550614
2000 1.581789
2000 1.66905875
2000 1.71839
2000 1.75730875
2000 1.8076685
2000 1.85017
2000 1.91066
2000 2.12912225
2000 2.2340785
2000 2.30249325
2000 2.6191
2000 2.9518895
2000 3.089582
2000 3.2938845
2000 5.245104
2001 0.924235
2001 1.47225055
2001 1.685636
2001 1.775745
2001 1.9896334
2001 2.074733
2001 2.1862424
2001 2.41486
2001 2.4970226
2001 2.7995165
2001 2.9350975
2001 3.05236805
2001 3.2259184
2001 3.3398771
2001 3.4798529
2001 3.52843175
2001 3.658673
2001 3.72727695
2001 3.9297832
2001 4.01917785
2001 6.80213
2002 1.360799
2002 2.1151043
2002 2.240365
2002 2.4069991
2002 2.789942
2002 3.3854205
2002 3.595901
2002 3.8419041
2002 4.0636692
2002 4.229724
2002 4.378106
2002 4.5414767
2002 4.704011
2002 4.8585853
2002 5.0846792
2002 5.349421
2002 5.6562726
2002 5.8583135
2002 6.236644
2002 6.9326383
2002 8.099004
2003 3.09523
2003 4.14096465
2003 4.8655431
2003 4.98663575
2003 5.3128866
2003 5.4435775
2003 5.5769237
2003 5.82783595
2003 5.9612652
2003 6.1502555
2003 6.2284535
2003 6.45449025
2003 6.6360606
2003 6.7145704
2003 6.8874219
2003 7.28004425
2003 7.9115678
2003 8.34806025
2003 10.0835793
2003 11.32287185
2003 12.060449
2004 3.86153
2004 6.1608611
2004 6.8454486
2004 7.2344057
2004 7.4688348
2004 7.561218
2004 7.755322
2004 7.9109417
2004 8.143787
2004 8.3979584
2004 8.490432
2004 8.5644879
2004 8.7474972
2004 8.926266
2004 9.219139
2004 9.5212725
2004 10.3729838
2004 10.9605031
2004 12.5967572
2004 14.4470592
2004 15.352558
2005 5.693994
2005 7.0264555
2005 7.844404
2005 8.4155701
2005 8.847963
2005 8.9463785
2005 9.2662886
2005 9.4582246
2005 9.7084624
2005 9.8254161
2005 10.035765
2005 10.1145963
2005 10.2405174
2005 10.3762898
2005 10.5294832
2005 10.724205
2005 10.8427856
2005 11.2629036
2005 11.6508808
2005 12.4322712
2005 16.139128
2006 5.895553
2006 8.4648126
2006 9.2092682
2006 9.544097
2006 9.8886774
2006 10.100768
2006 10.3987658
2006 10.6652506
2006 10.943611
2006 11.2052348
2006 11.419896
2006 11.7194276
2006 12.0674282
2006 12.4955836
2006 13.0793746
2006 14.139425
2006 14.7240696
2006 15.3914416
2006 15.7141074
2006 16.1888742
2006 19.07274
2007 5.944377
2007 9.390538
2007 9.966234
2007 10.396908
2007 11.088589
2007 11.3330085
2007 11.727692
2007 12.222867
2007 12.66524
2007 13.043844
2007 13.508202
2007 13.9241855
2007 14.375949
2007 14.789528
2007 15.391832
2007 16.096775
2007 16.673053
2007 17.6096685
2007 18.355306
2007 19.30562
2007 21.321995
2008 8.524446
2008 12.1393167
2008 12.7683853
2008 13.74909945
2008 14.1721568
2008 15.41216425
2008 15.8810663
2008 16.44887735
2008 17.0524694
2008 17.33530965
2008 17.691383
2008 18.3400481
2008 18.952995
2008 19.2513167
2008 19.7073093
2008 20.2241115
2008 20.6338334
2008 21.219431
2008 21.8826385
2008 22.10632535
2008 31.474955
2009 11.090365
2009 14.592687
2009 16.327424
2009 17.036186
2009 17.566317
2009 18.060038
2009 18.366618
2009 19.038271
2009 20.533386
2009 22.785818
2009 23.525629
2009 24.315521
2009 24.914867
2009 26.083528
2009 27.656436
2009 28.419894
2009 29.208562
2009 29.687271
2009 30.22053
2009 31.229236
2009 36.033351
2010 13.975913
2010 17.451202
2010 18.4030936
2010 18.740066
2010 19.8650686
2010 20.945579
2010 22.3023256
2010 23.7151335
2010 25.470558
2010 25.813411
2010 26.343098
2010 26.6979869
2010 27.7223024
2010 29.3391333
2010 30.1712854
2010 31.087135
2010 31.47048
2010 32.2530039
2010 33.4852474
2010 33.836082
2010 46.230446
2011 15.082101
2011 18.1957419
2011 21.1752416
2011 23.2631575
2011 23.580197
2011 24.4982355
2011 25.3244966
2011 27.5366262
2011 29.7120394
2011 30.545405
2011 31.363693
2011 33.7408892
2011 36.3602808
2011 37.2662648
2011 38.2095066
2011 39.383216
2011 40.514995
2011 41.911102
2011 43.9771846
2011 47.4602448
2011 58.528981
2012 21.524682
2012 26.7708486
2012 29.962257
2012 32.1993545
2012 33.6560726
2012 34.6199305
2012 35.17645
2012 35.7077309
2012 36.8363094
2012 38.7296086
2012 39.656528
2012 41.2792321
2012 42.0739672
2012 43.0310868
2012 44.894511
2012 45.874512
2012 47.2743148
2012 48.5873941
2012 50.5543174
2012 53.7195261
2012 59.129429
2013 15.736802
2013 29.5312478
2013 34.6766384
2013 38.13517865
2013 39.9150924
2013 40.7757805
2013 42.2683637
2013 44.8311916
2013 47.5434166
2013 48.3005944
2013 49.4031605
2013 51.4279925
2013 52.6802248
2013 53.2070358
2013 53.8986822
2013 55.486324
2013 56.9764312
2013 57.97339585
2013 59.2873523
2013 61.0103425
2013 63.959725
2014 22.014495
2014 30.5366866
2014 35.0655538
2014 39.1963712
2014 42.8023904
2014 44.771061
2014 47.3667674
2014 48.8368072
2014 50.141968
2014 51.3295782
2014 52.772925
2014 53.9396066
2014 54.628524
2014 55.5490348
2014 56.387045
2014 57.335221
2014 57.9649774
2014 59.0512786
2014 61.853976
2014 63.4121062
2014 67.73244
2015 29.802242
2015 37.15577815
2015 46.9098427
2015 48.9649951
2015 50.7891428
2015 53.79033375
2015 55.2853026
2015 56.35420385
2015 57.3570724
2015 58.3833527
2015 59.4526575
2015 63.22918475
2015 64.890532
2015 69.4000976
2015 73.294427
2015 75.90880775
2015 77.7709672
2015 78.8560038
2015 79.7650617
2015 81.07509035
2015 86.979769
2016 34.786238
2016 36.468865
2016 43.9598796
2016 49.58036755
2016 52.5559336
2016 54.0083375
2016 55.0013235
2016 55.7284014
2016 56.2547848
2016 56.6785904
2016 57.1813575
2016 58.51763605
2016 59.822935
2016 60.84233
2016 61.5464077
2016 62.27660875
2016 63.0106656
2016 65.5421404
2016 67.181344
2016 69.07922065
2016 82.64185
